Bubble : 0.1274125576019287, 3.061741590499878, 12.363173723220825, 91.94521260261536, 304.38727712631226, 2519.5992267131805, 8980.646376371384, 
Selection : 0.01994609832763672, 0.48669981956481934, 1.9677379131317139, 12.536597967147827, 62.472938537597656, 213.48613929748535, 897.3495590686798, 
Insertion : 0.0319056510925293, 0.7998504638671875, 3.153559446334839, 20.055310249328613, 80.84973740577698, 339.98676896095276, 1354.1439726352692, 
Shell : 0.007436513900756836, 0.02363443374633789, 0.04825448989868164, 0.15172839164733887, 0.3230769634246826, 0.7539258003234863, 1.7817127704620361, 
Merge : 0.0029916763305664062, 0.018961191177368164, 0.03984189033508301, 0.10470104217529297, 0.22642064094543457, 0.4747297763824463, 1.0092980861663818, 
Quick: 0.0029921531677246094, 0.018961429595947266, 0.0355987548828125, 0.09106278419494629, 0.21337652206420898, 0.413027286529541, 0.8537225723266602, 
Heap : 0.006056070327758789, 0.0278780460357666, 0.05216574668884277, 0.1455519199371338, 0.30512475967407227, 0.6641619205474854, 1.4899561405181885, 